g: 9.81
l1: 0.90
l2: 0.2848
m1: 0.871
m2: 1.05
d: 0.185
h: 0.59
r: 0.105
Jx: 0.0050
Jy: 0.0016
Jz: 0.0037
km: 0.1044
sigma_gyro: 8.7266e-5
sigma_pixel: 0.05
theta_max: 0.785398
theta_min: -0.785398
psi_max: 1.5708
psi_min: -1.5708
phi_max: 1.309
phi_min: -1.309
